Year	State	InCare	Adopted	TPR
2010	AL	5,350	606	757
2010	AK	1,791	336	381
2010	AZ	9,930	2,045	2,174
2010	AR	3,756	597	812
2010	CA	56,202	6,459	7,230
2010	CO	6,980	983	772
2010	CT	4,456	687	614
2010	DE	739	67	149
2010	DC	2,066	129	22
2010	FL	18,743	3,391	2,752
2010	GA	6,895	1,196	822
2010	HI	1,234	216	312
2010	ID	1,462	313	297
2010	IL	18,256	1,214	2,611
2010	IN	12,276	1,458	1,980
2010	IA	6,533	801	812
2010	KS	5,979	694	1,291
2010	KS	6,983	754	1,232
2010	LA	4,453	641	727
2010	ME	1,546	276	490
2010	MD	6,098	644	236
2010	MA	8,958	725	1,518
2010	MI	16,424	2,597	4,317
2010	MN	5,063	627	1,003
2010	MS	3,582	355	451
2010	MO	8,687	1,170	1,008
2010	MT	1,723	191	350
2010	NE	5,358	437	460
2010	NV	4,807	644	1,087
2010	NH	839	173	64
2010	NJ	6,892	1,275	969
2010	NM	1,869	420	464
2010	NY	26,783	2,205	3,348
2010	NC	8,828	1,615	1,208
2010	ND	1,078	145	131
2010	OH	11,940	1,438	2,687
2010	OK	7,846	1,628	1,913
2010	OR	9,001	780	1,068
2010	PA	21,342	2,365	1,571
2010	RI	2,086	184	177
2010	SC	4,487	529	857
2010	SD	1,485	133	337
2010	TN	6,007	972	689
2010	TX	28,947	4,709	8,748
2010	UT	2,886	574	307
2010	VT	933	161	137
2010	VA	5,414	747	1,267
2010	WA	10,136	1,633	1,741
2010	WV	4,112	662	1,013
2010	WI	6,575	755	556
2010	WY	939	75	55
2010	Total	406,755	53,431	65,974
2011	AL	5,253	447	701
2011	AK	1,835	293	389
2011	AZ	10,883	2,275	2,220
2011	AR	3,732	591	742
2011	CA	54,754	5,710	6,928
2011	CO	6,488	934	557
2011	CT	4,926	611	577
2011	DE	845	95	145
2011	DC	1,431	106	98
2011	FL	19,760	2,945	2,943
2011	GA	7,591	1,071	834
2011	HI	1,122	198	267
2011	ID	1,354	259	262
2011	IL	17,189	1,217	1,963
2011	IN	10,779	1,556	1,397
2011	IA	6,344	864	861
2011	KS	5,852	781	1,265
2011	KS	6,659	824	1,095
2011	LA	4,531	641	809
2011	ME	1,296	296	449
2011	MD	5,460	539	238
2011	MA	8,619	724	1,495
2011	MI	15,091	2,506	3,613
2011	MN	5,085	572	961
2011	MS	3,597	358	459
2011	MO	9,220	1,212	976
2011	MT	1,794	238	314
2011	NE	5,117	413	486
2011	NV	4,638	821	938
2011	NH	742	144	25
2011	NJ	6,440	1,089	689
2011	NM	1,859	351	441
2011	NY	24,962	2,214	3,266
2011	NC	8,601	1,463	1,126
2011	ND	1,066	119	116
2011	OH	12,069	1,420	2,484
2011	OK	8,287	1,294	1,872
2011	OR	8,531	657	1,254
2011	PA	14,315	2,013	1,277
2011	RI	1,806	201	148
2011	SC	3,821	588	674
2011	SD	1,407	168	315
2011	TN	6,975	772	638
2011	TX	30,109	4,718	9,120
2011	UT	2,701	577	337
2011	VT	1,010	134	135
2011	VA	4,846	755	954
2011	WA	9,533	1,583	1,340
2011	WV	4,475	698	1,164
2011	WI	6,547	717	643
2011	WY	864	73	65
2011	Total	392,211	50,845	62,065
2012	AL	4,561	587	543
2012	AK	1,854	309	387
2012	AZ	13,461	2,275	2,299
2012	AR	3,711	703	543
2012	CA	54,553	5,938	6,021
2012	CO	6,003	905	508
2012	CT	4,563	490	732
2012	DE	799	91	148
2012	DC	1,216	114	79
2012	FL	19,536	3,294	3,177
2012	GA	7,671	915	888
2012	HI	1,079	187	196
2012	ID	1,234	273	186
2012	IL	16,772	1,803	1,689
2012	IN	11,190	1,713	1,053
2012	IA	6,262	1,032	772
2012	KS	6,002	764	1,192
2012	KS	6,979	784	1,173
2012	LA	4,044	655	674
2012	ME	1,512	291	404
2012	MD	4,884	455	164
2012	MA	8,522	754	1,329
2012	MI	14,522	2,559	3,131
2012	MN	5,330	520	1,008
2012	MS	3,699	425	388
2012	MO	9,985	1,228	854
2012	MT	1,937	225	292
2012	NE	5,116	417	555
2012	NV	4,745	776	859
2012	NH	768	96	21
2012	NJ	6,848	1,023	736
2012	NM	1,914	345	411
2012	NY	23,924	2,182	2,925
2012	NC	8,461	1,329	1,011
2012	ND	1,109	155	116
2012	OH	11,877	1,250	2,277
2012	OK	9,120	1,533	1,585
2012	OR	8,686	683	1,385
2012	PA	14,515	1,881	1,258
2012	RI	1,707	191	129
2012	SC	3,113	776	585
2012	SD	1,399	126	313
2012	TN	7,440	813	779
2012	TX	29,613	5,039	9,001
2012	UT	2,813	562	307
2012	VT	975	172	159
2012	VA	4,579	639	1,097
2012	WA	9,606	1,227	1,324
2012	WV	4,562	632	1,039
2012	WI	6,384	761	613
2012	WY	949	81	57
2012	Total	392,104	51,978	58,372
2013	AL	4,435	532	615
2013	AK	1,982	328	399
2013	AZ	14,399	2,522	2,692
2013	AR	3,797	691	642
2013	CA	55,383	5,541	6,562
2013	CO	5,851	782	470
2013	CT	4,263	497	608
2013	DE	702	112	113
2013	DC	1,034	110	61
2013	FL	18,040	3,417	3,193
2013	GA	7,607	1,031	813
2013	HI	1,085	160	137
2013	ID	1,342	206	215
2013	IL	16,894	1,356	1,766
2013	IN	12,382	961	970
2013	IA	6,341	917	731
2013	KS	6,441	674	1,210
2013	KS	7,162	797	1,179
2013	LA	3,955	731	554
2013	ME	1,787	214	501
2013	MD	4,467	355	145
2013	MA	8,537	799	1,126
2013	MI	14,615	2,374	2,819
2013	MN	5,641	583	1,110
2013	MS	3,779	352	353
2013	MO	10,624	1,233	862
2013	MT	2,232	165	369
2013	NE	4,561	586	407
2013	NV	4,776	729	721
2013	NH	850	110	21
2013	NJ	6,946	927	762
2013	NM	2,077	310	518
2013	NY	22,975	2,184	2,811
2013	NC	9,036	1,222	975
2013	ND	1,227	104	135
2013	OH	12,223	1,244	2,591
2013	OK	10,535	1,286	1,754
2013	OR	8,202	768	1,308
2013	PA	14,270	1,892	1,246
2013	RI	1,789	162	113
2013	SC	3,188	506	599
2013	SD	1,253	177	281
2013	TN	7,763	1,160	892
2013	TX	29,625	5,443	8,807
2013	UT	2,709	587	421
2013	VT	971	179	171
2013	VA	4,327	709	1,052
2013	WA	10,208	1,328	1,489
2013	WV	4,389	877	1,005
2013	WI	6,539	800	592
2013	WY	981	86	26
2013	Total	396,197	50,816	58,912
2014	AL	4,526	544	573
2014	AK	2,190	367	366
2014	AZ	16,246	3,090	2,841
2014	AR	3,806	743	757
2014	CA	56,771	5,471	6,379
2014	CO	5,787	769	499
2014	CT	3,921	506	405
2014	DE	635	84	118
2014	DC	871	107	50
2014	FL	19,712	3,267	3,643
2014	GA	9,005	887	1,171
2014	HI	1,221	121	174
2014	ID	1,208	218	212
2014	IL	17,049	1,616	1,638
2014	IN	14,452	850	1,023
2014	IA	5,978	878	792
2014	KS	6,762	695	1,217
2014	KS	7,506	909	1,243
2014	LA	4,329	622	593
2014	ME	1,864	295	510
2014	MD	4,032	344	129
2014	MA	9,937	589	1,178
2014	MI	13,512	2,184	3,058
2014	MN	6,324	642	1,126
2014	MS	4,380	314	356
2014	MO	11,834	1,291	764
2014	MT	2,345	234	447
2014	NE	3,666	461	463
2014	NV	4,543	729	691
2014	NH	890	120	40
2014	NJ	7,138	1,024	869
2014	NM	2,366	315	523
2014	NY	22,422	1,997	2,694
2014	NC	9,859	1,176	1,123
2014	ND	1,365	96	153
2014	OH	12,519	1,406	2,644
2014	OK	11,457	1,382	2,260
2014	OR	7,395	847	1,586
2014	PA	14,838	1,849	1,210
2014	RI	1,798	202	103
2014	SC	3,461	449	564
2014	SD	1,174	159	292
2014	TN	7,342	1,162	951
2014	TX	30,358	5,221	8,825
2014	UT	2,960	605	364
2014	VT	1,123	164	198
2014	VA	4,597	632	1,101
2014	WA	10,630	1,362	1,625
2014	WV	4,556	852	1,045
2014	WI	6,918	735	586
2014	WY	985	75	13
2014	Total	410,563	50,657	61,185
2015	AL	4,745	512	461
2015	AK	2,653	357	356
2015	AZ	17,738	3,236	3,006
2015	AR	4,548	740	757
2015	CA	55,983	6,079	6,617
2015	CO	5,644	820	531
2015	CT	3,908	573	380
2015	DE	682	79	120
2015	DC	873	106	33
2015	FL	22,364	3,431	3,805
2015	GA	10,935	912	1,056
2015	HI	1,360	176	119
2015	ID	1,351	223	216
2015	IL	16,654	1,788	1,653
2015	IN	17,023	1,152	1,226
2015	IA	5,993	1,017	734
2015	KS	7,223	783	1,286
2015	KS	7,538	961	1,439
2015	LA	4,545	662	544
2015	ME	1,873	328	567
2015	MD	3,914	294	151
2015	MA	10,278	623	1,219
2015	MI	11,977	1,772	3,119
2015	MN	7,610	735	1,225
2015	MS	4,773	312	412
2015	MO	12,160	1,357	698
2015	MT	2,807	310	385
2015	NE	3,725	533	455
2015	NV	4,489	799	695
2015	NH	1,032	118	76
2015	NJ	6,874	1,072	959
2015	NM	2,471	295	507
2015	NY	19,154	1,933	2,605
2015	NC	10,324	1,311	1,210
2015	ND	1,359	133	172
2015	OH	13,205	1,334	2,643
2015	OK	11,163	2,159	2,255
2015	OR	7,388	835	1,394
2015	PA	16,081	1,832	1,403
2015	RI	1,838	211	114
2015	SC	3,726	403	540
2015	SD	1,280	121	256
2015	TN	7,599	1,112	1,056
2015	TX	29,990	5,457	8,879
2015	UT	2,704	695	295
2015	VT	1,332	189	193
2015	VA	4,735	562	1,125
2015	WA	10,665	1,484	1,567
2015	WV	4,959	893	1,031
2015	WI	7,091	643	665
2015	WY	1,082	74	20
2015	Total	421,418	53,536	62,230
2016	AL	5,053	503	421
2016	AK	2,824	312	425
2016	AZ	17,118	3,654	3,379
2016	AR	4,880	758	795
2016	CA	54,685	6,542	6,712
2016	CO	5,733	839	568
2016	CT	4,119	529	380
2016	DE	780	99	115
2016	DC	826	110	7
2016	FL	23,810	3,573	4,270
2016	GA	12,381	1,121	1,001
2016	HI	1,605	129	150
2016	ID	1,518	185	273
2016	IL	16,113	1,546	2,522
2016	IN	19,837	1,536	1,197
2016	IA	5,565	992	837
2016	KS	7,302	870	1,481
2016	KS	7,739	1,104	1,457
2016	LA	4,461	727	577
2016	ME	1,837	399	556
2016	MD	3,841	361	162
2016	MA	10,910	669	1,251
2016	MI	11,599	2,078	3,083
2016	MN	8,793	899	1,457
2016	MS	5,486	400	445
2016	MO	12,408	1,591	764
2016	MT	3,366	260	439
2016	NE	4,012	483	463
2016	NV	4,266	796	692
2016	NH	1,206	87	78
2016	NJ	6,527	1,185	990
2016	NM	2,610	306	531
2016	NY	17,591	1,949	2,386
2016	NC	10,561	1,501	1,284
2016	ND	1,407	132	242
2016	OH	13,725	1,449	2,730
2016	OK	10,062	2,487	2,399
2016	OR	7,631	768	1,236
2016	PA	16,086	1,917	1,612
2016	RI	1,654	279	110
2016	SC	3,968	433	558
2016	SD	1,416	110	284
2016	TN	7,694	1,225	1,112
2016	TX	30,738	5,723	8,330
2016	UT	2,838	632	304
2016	VT	1,323	216	244
2016	VA	4,890	627	1,322
2016	WA	10,959	1,387	1,575
2016	WV	5,973	940	1,455
2016	WI	7,382	669	764
2016	WY	993	89	22
2016	Total	430,101	57,176	65,447
2017	AL	5,631	504	533
2017	AK	2,739	366	432
2017	AZ	15,031	4,298	3,295
2017	AR	4,776	971	795
2017	CA	51,869	6,524	7,107
2017	CO	5,704	948	514
2017	CT	4,135	488	363
2017	DE	787	108	130
2017	DC	751	91	6
2017	FL	24,641	3,831	4,819
2017	GA	13,146	1,401	1,876
2017	HI	1,607	152	236
2017	ID	1,593	258	269
2017	IL	15,930	1,777	2,469
2017	IN	20,904	1,964	1,276
2017	IA	5,952	1,006	863
2017	KS	7,753	674	1,667
2017	KS	8,146	1,128	1,665
2017	LA	4,460	766	678
2017	ME	1,584	456	502
2017	MD	3,923	348	159
2017	MA	10,916	657	1,427
2017	MI	11,918	1,970	3,220
2017	MN	9,651	946	1,848
2017	MS	5,440	364	154
2017	MO	12,390	1,541	840
2017	MT	3,853	274	556
2017	NE	4,195	546	451
2017	NV	4,408	740	756
2017	NH	1,474	108	109
2017	NJ	5,946	1,106	963
2017	NM	2,657	311	812
2017	NY	17,345	1,762	2,243
2017	NC	10,756	1,528	1,434
2017	ND	1,495	162	284
2017	OH	14,961	1,538	2,936
2017	OK	9,315	2,593	2,091
2017	OR	7,972	707	1,197
2017	PA	16,891	2,077	2,068
2017	RI	1,846	250	108
2017	SC	4,041	487	527
2017	SD	1,603	181	313
2017	TN	8,558	1,260	1,067
2017	TX	32,150	5,361	8,549
2017	UT	2,954	665	386
2017	VT	1,270	287	240
2017	VA	4,795	801	1,307
2017	WA	11,355	1,345	1,730
2017	WV	6,633	1,069	1,711
2017	WI	7,721	692	726
2017	WY	1,085	82	17
2017	Total	436,656	59,469	69,724
2018	AL	5,930	712	514
2018	AK	2,781	353	430
2018	AZ	13,360	3,926	2,966
2018	AR	4,234	1,001	809
2018	CA	52,337	6,966	7,098
2018	CO	5,542	910	499
2018	CT	4,225	497	381
2018	DE	719	116	121
2018	DC	707	100	10
2018	FL	24,404	4,455	5,727
2018	GA	13,793	1,469	1,900
2018	HI	1,687	189	276
2018	ID	1,814	245	345
2018	IL	16,840	1,754	2,292
2018	IN	18,560	2,016	1,573
2018	IA	6,249	1,074	924
2018	KS	8,068	936	1,811
2018	KS	9,355	1,124	1,594
2018	LA	4,562	905	669
2018	ME	1,768	395	428
2018	MD	3,973	353	147
2018	MA	10,607	826	1,671
2018	MI	12,121	1,991	3,389
2018	MN	9,271	1,284	1,852
2018	MS	4,703	431	103
2018	MO	12,659	1,798	864
2018	MT	3,946	396	687
2018	NE	3,524	564	497
2018	NV	4,532	760	779
2018	NH	1,312	211	180
2018	NJ	5,526	1,054	998
2018	NM	2,508	297	597
2018	NY	16,591	1,697	2,134
2018	NC	10,543	1,522	1,255
2018	ND	1,576	172	332
2018	OH	15,730	1,566	3,117
2018	OK	8,642	2,238	1,937
2018	OR	7,577	679	1,256
2018	PA	16,566	2,628	2,256
2018	RI	2,003	254	102
2018	SC	4,456	435	594
2018	SD	1,560	183	345
2018	TN	8,929	1,248	999
2018	TX	32,960	5,748	8,888
2018	UT	2,611	818	387
2018	VT	1,308	262	233
2018	VA	4,915	879	1,091
2018	WA	11,399	1,331	1,966
2018	WV	7,138	1,399	1,752
2018	WI	7,819	755	663
2018	WY	1,091	75	42
2018	Total	435,031	62,997	71,480
2019	AL	5,783	738	523
2019	AK	2,879	396	375
2019	AZ	13,330	3,373	2,687
2019	AR	4,127	984	787
2019	CA	51,268	6,981	7,262
2019	CO	5,340	919	516
2019	CT	4,333	633	352
2019	DE	576	129	95
2019	DC	672	98	5
2019	FL	24,563	4,714	5,850
2019	GA	12,867	1,668	2,028
2019	HI	1,706	206	267
2019	ID	1,752	328	338
2019	IL	18,317	1,747	2,215
2019	IN	16,307	2,489	1,606
2019	IA	5,955	1,228	1,012
2019	KS	8,066	1,227	1,695
2019	KS	9,148	1,368	1,943
2019	LA	3,919	895	639
2019	ME	2,096	294	412
2019	MD	3,840	291	142
2019	MA	9,871	998	1,722
2019	MI	11,671	2,161	3,374
2019	MN	8,400	1,347	1,812
2019	MS	4,161	719	519
2019	MO	12,685	1,820	895
2019	MT	3,697	482	672
2019	NE	3,506	560	453
2019	NV	4,541	805	885
2019	NH	1,225	278	125
2019	NJ	4,430	1,162	792
2019	NM	2,326	336	621
2019	NY	16,086	1,648	1,756
2019	NC	11,223	1,546	1,211
2019	ND	1,502	197	333
2019	OH	16,387	1,665	3,290
2019	OK	8,306	2,086	1,830
2019	OR	6,994	792	1,258
2019	PA	15,526	2,849	1,958
2019	RI	2,200	184	107
2019	SC	4,521	529	765
2019	SD	1,706	211	358
2019	TN	9,290	1,166	1,014
2019	TX	31,427	6,105	8,578
2019	UT	2,488	639	361
2019	VT	1,245	260	237
2019	VA	4,925	769	1,236
2019	WA	10,909	1,509	1,774
2019	WV	7,269	1,675	1,928
2019	WI	7,642	711	694
2019	WY	994	120	28
2019	Total	423,997	66,035	71,335