State	  Child Population  	 Number 	Rate per 1,000	 Child Population  	 Number 	Rate per 1,000	 Child Population  	 Number 	Rate per 1,000	 Child Population  	 Number 	Rate per 1,000	 Child Population  	 Number 	Rate per 1,000	 Child Population  	 Number 	Rate per 1,000	 Child Population  	 Number 	Rate	 Child Population  	 Number 	Rate per 1,000	 Child Population  	 Number 	Rate per 1,000	 Child Population  	 Number 	Rate per 1,000	 Child Population  	 Number 	Rate per 1,000	 Child Population  	 Number 	Rate per 1,000	 Child Population  	 Number 	Rate per 1,000	 Child Population  	 Number 	Rate per 1,000	 Child Population  	 Number 	Rate per 1,000	 Child Population  	 Number 	Rate per 1,000	 Child Population  	 Number 	Rate per 1,000	 Child Population  	 Number 	Rate per 1,000
Alabama	59427.00	1098.00	18.48	60441.00	617.00	10.21	59741.00	624.00	10.45	62324.00	533.00	8.55	61972.00	518.00	8.36	61211.00	472.00	7.71	60624.00	445.00	7.34	61008.00	427.00	7.00	60767.00	386.00	6.35	61498.00	387.00	6.29	64787.00	318.00	4.91	65374.00	351.00	5.37	63798.00	391.00	6.13	64460.00	446.00	6.92	63356.00	489.00	7.72	63132.00	553.00	8.76	65587.00	299.00	4.56	67636.00	198.00	2.93
Alaska	11177.00	379.00	33.91	10716.00	243.00	22.68	10918.00	233.00	21.34	10945.00	194.00	17.72	10787.00	213.00	19.75	10622.00	194.00	18.26	10314.00	182.00	17.65	10359.00	167.00	16.12	10260.00	154.00	15.01	10092.00	133.00	13.18	10169.00	112.00	11.01	10648.00	122.00	11.46	10135.00	109.00	10.75	9980.00	116.00	11.62	10145.00	92.00	9.07	10131.00	107.00	10.56	10297.00	63.00	6.12	10746.00	49.00	4.56
Arizona	87061.00	1765.00	20.27	87868.00	650.00	7.40	89135.00	638.00	7.16	92731.00	597.00	6.44	93389.00	500.00	5.35	91525.00	470.00	5.14	90991.00	447.00	4.91	90639.00	391.00	4.31	90540.00	413.00	4.56	88643.00	312.00	3.52	91965.00	306.00	3.33	92369.00	299.00	3.24	89965.00	310.00	3.45	89382.00	315.00	3.52	89323.00	365.00	4.09	88617.00	345.00	3.89	89841.00	350.00	3.90	91130.00	213.00	2.34
Arkansas	38025.00	1220.00	32.08	38583.00	663.00	17.18	38703.00	692.00	17.88	40214.00	688.00	17.11	40820.00	663.00	16.24	39919.00	688.00	17.23	39704.00	697.00	17.55	39433.00	632.00	16.03	39349.00	566.00	14.38	38909.00	539.00	13.85	40099.00	507.00	12.64	40428.00	488.00	12.07	39747.00	429.00	10.79	39809.00	480.00	12.06	39569.00	619.00	15.64	39102.00	633.00	16.19	38601.00	487.00	12.62	39460.00	328.00	8.31
California	506265.00	10571.00	20.88	499727.00	5515.00	11.04	497749.00	5300.00	10.65	516629.00	5135.00	9.94	518416.00	5002.00	9.65	511265.00	4763.00	9.32	509232.00	4424.00	8.69	505153.00	4283.00	8.48	500701.00	3918.00	7.83	493576.00	3720.00	7.54	507906.00	3522.00	6.93	514722.00	3484.00	6.77	509792.00	3682.00	7.22	514503.00	3607.00	7.01	524351.00	3661.00	6.98	534251.00	3664.00	6.86	548121.00	3333.00	6.08	559560.00	2417.00	4.32
Colorado	66477.00	1201.00	18.07	67215.00	809.00	12.04	67936.00	820.00	12.07	69671.00	712.00	10.22	70855.00	746.00	10.53	70570.00	677.00	9.59	70470.00	657.00	9.32	71042.00	611.00	8.60	70309.00	599.00	8.52	68708.00	543.00	7.90	69684.00	531.00	7.62	69354.00	446.00	6.43	67170.00	444.00	6.61	66131.00	442.00	6.68	65644.00	437.00	6.66	65425.00	370.00	5.66	66290.00	324.00	4.89	67137.00	176.00	2.62
Connecticut	37318.00	1113.00	29.82	38341.00	691.00	18.02	38910.00	692.00	17.78	40688.00	610.00	14.99	41839.00	631.00	15.08	42699.00	576.00	13.49	43381.00	565.00	13.02	44203.00	541.00	12.24	44302.00	512.00	11.56	44866.00	499.00	11.12	45661.00	506.00	11.08	47467.00	449.00	9.46	47948.00	529.00	11.03	47528.00	470.00	9.89	49036.00	447.00	9.12	48546.00	505.00	10.40	49553.00	349.00	7.04	51028.00	248.00	4.86
Delaware	11186.00	246.00	21.99	10980.00	180.00	16.39	10931.00	192.00	17.56	11312.00	170.00	15.03	11320.00	135.00	11.93	11402.00	138.00	12.10	11203.00	147.00	13.12	11403.00	164.00	14.38	11306.00	128.00	11.32	11012.00	108.00	9.81	11500.00	129.00	11.22	11715.00	100.00	8.54	11356.00	93.00	8.19	11441.00	107.00	9.35	11117.00	110.00	9.89	11459.00	121.00	10.56	11838.00	111.00	9.38	12187.00	84.00	6.89
District of Columbia	8923.00	238.00	26.67	7327.00	113.00	15.42	6655.00	112.00	16.83	6858.00	121.00	17.64	6400.00	112.00	17.50	5899.00	141.00	23.90	5783.00	168.00	29.05	5424.00	120.00	22.12	5118.00	125.00	24.42	5156.00	104.00	20.17	5126.00	140.00	27.31	5098.00	110.00	21.58	5012.00	151.00	30.13	4951.00	146.00	29.49	5119.00	141.00	27.54	5153.00	122.00	23.68	5469.00	129.00	23.59	5863.00	81.00	13.82
Florida	213621.00	6693.00	31.33	210583.00	4483.00	21.29	210480.00	4321.00	20.53	219641.00	4116.00	18.74	220517.00	3655.00	16.57	218546.00	3372.00	15.43	216562.00	3045.00	14.06	213868.00	2772.00	12.96	214695.00	2450.00	11.41	216192.00	2484.00	11.49	223249.00	2311.00	10.35	228314.00	2119.00	9.28	225624.00	1945.00	8.62	226387.00	1857.00	8.20	227999.00	1798.00	7.89	230252.00	1693.00	7.35	236114.00	1543.00	6.53	241787.00	1174.00	4.86
Georgia	133611.00	2507.00	18.76	134390.00	1347.00	10.02	134044.00	1311.00	9.78	140311.00	1219.00	8.69	141095.00	1252.00	8.87	140392.00	1166.00	8.31	138957.00	1113.00	8.01	139208.00	1041.00	7.48	138034.00	957.00	6.93	138655.00	871.00	6.28	141910.00	849.00	5.98	143597.00	825.00	5.75	138648.00	757.00	5.46	137457.00	820.00	5.97	136275.00	783.00	5.75	134967.00	753.00	5.58	137223.00	651.00	4.74	141084.00	306.00	2.17
Hawaii	18127.00	212.00	11.70	17688.00	97.00	5.48	17598.00	87.00	4.94	17675.00	97.00	5.49	17417.00	91.00	5.22	16829.00	93.00	5.53	17113.00	83.00	4.85	17192.00	56.00	3.26	16873.00	40.00	2.37	16057.00	50.00	3.11	16662.00	50.00	3.00	16406.00	51.00	3.11	16345.00	57.00	3.49	15982.00	57.00	3.57	16151.00	71.00	4.40	16468.00	55.00	3.34	16795.00	54.00	3.22	17226.00	38.00	2.21
Idaho	22761.00	207.00	9.09	23409.00	108.00	4.61	23898.00	107.00	4.48	24591.00	112.00	4.55	24677.00	82.00	3.32	24454.00	87.00	3.56	24575.00	71.00	2.89	24253.00	84.00	3.46	24038.00	69.00	2.87	23901.00	69.00	2.89	24228.00	61.00	2.52	24195.00	53.00	2.19	23756.00	79.00	3.33	23122.00	72.00	3.11	23188.00	54.00	2.33	23151.00	67.00	2.89	22784.00	50.00	2.19	23135.00	36.00	1.56
Illinois	165302.00	3435.00	20.78	162373.00	2118.00	13.04	162989.00	2009.00	12.33	168156.00	1920.00	11.42	169416.00	1795.00	10.60	169926.00	1739.00	10.23	170145.00	1530.00	8.99	172094.00	1463.00	8.50	170232.00	1377.00	8.09	170338.00	1266.00	7.43	173511.00	1154.00	6.65	175977.00	1071.00	6.09	173490.00	1009.00	5.82	174597.00	966.00	5.53	175059.00	952.00	5.44	177862.00	849.00	4.77	182306.00	715.00	3.92	184352.00	446.00	2.42
Indiana	84220.00	2568.00	30.49	84463.00	1206.00	14.28	84766.00	1267.00	14.95	87724.00	1155.00	13.17	88691.00	1189.00	13.41	88057.00	1047.00	11.89	87878.00	1003.00	11.41	88962.00	975.00	10.96	87916.00	874.00	9.94	88147.00	854.00	9.69	90793.00	776.00	8.55	92391.00	749.00	8.11	90410.00	748.00	8.27	90084.00	871.00	9.67	89196.00	784.00	8.79	90314.00	856.00	9.48	91220.00	605.00	6.63	92371.00	391.00	4.23
Iowa	38365.00	1172.00	30.55	39188.00	907.00	23.14	39632.00	967.00	24.40	40893.00	954.00	23.33	41275.00	869.00	21.05	40948.00	753.00	18.39	40061.00	693.00	17.30	40285.00	609.00	15.12	39922.00	561.00	14.05	39630.00	521.00	13.15	40263.00	506.00	12.57	40854.00	463.00	11.33	40042.00	410.00	10.24	40394.00	428.00	10.60	40081.00	391.00	9.76	40080.00	320.00	7.98	40637.00	296.00	7.28	41820.00	205.00	4.90
Kansas	39992.00	111.00	2.78	40709.00	100.00	2.46	40407.00	109.00	2.70	41431.00	115.00	2.78	41116.00	111.00	2.70	40919.00	117.00	2.86	40531.00	99.00	2.44	40493.00	118.00	2.91	40599.00	78.00	1.92	39364.00	102.00	2.59	40433.00	75.00	1.85	40927.00	88.00	2.15	39747.00	105.00	2.64	39717.00	102.00	2.57	38735.00	101.00	2.61	39294.00	97.00	2.47	39613.00	56.00	1.41	39895.00	37.00	0.93
Kentucky	56065.00	2371.00	42.29	55238.00	1357.00	24.57	55148.00	1372.00	24.88	57261.00	1283.00	22.41	57449.00	1178.00	20.51	56816.00	1095.00	19.27	56661.00	1004.00	17.72	56810.00	912.00	16.05	56001.00	840.00	15.00	55688.00	775.00	13.92	57379.00	776.00	13.52	58281.00	725.00	12.44	57388.00	663.00	11.55	56857.00	622.00	10.94	56065.00	577.00	10.29	56281.00	562.00	9.99	57343.00	501.00	8.74	58224.00	352.00	6.05
Louisiana	63289.00	1654.00	26.13	62294.00	644.00	10.34	62031.00	670.00	10.80	64485.00	616.00	9.55	64684.00	597.00	9.23	62172.00	564.00	9.07	61763.00	533.00	8.63	61234.00	496.00	8.10	60736.00	430.00	7.08	60437.00	440.00	7.28	62581.00	422.00	6.74	63693.00	406.00	6.37	61998.00	353.00	5.69	61147.00	404.00	6.61	60651.00	384.00	6.33	60073.00	378.00	6.29	61268.00	369.00	6.02	63660.00	181.00	2.84
Maine	12875.00	441.00	34.25	13185.00	222.00	16.84	13385.00	250.00	18.68	13975.00	227.00	16.24	14273.00	210.00	14.71	14534.00	196.00	13.49	14698.00	173.00	11.77	14688.00	176.00	11.98	14619.00	175.00	11.97	14713.00	136.00	9.24	15148.00	142.00	9.37	15524.00	117.00	7.54	15732.00	157.00	9.98	15733.00	129.00	8.20	15934.00	114.00	7.15	16037.00	112.00	6.98	16624.00	84.00	5.05	17541.00	45.00	2.57
Maryland	73059.00	1602.00	21.93	72290.00	816.00	11.29	72141.00	952.00	13.20	74279.00	907.00	12.21	74384.00	873.00	11.74	73544.00	864.00	11.75	73217.00	808.00	11.04	73763.00	749.00	10.15	72616.00	713.00	9.82	72983.00	661.00	9.06	75506.00	666.00	8.82	76114.00	617.00	8.11	75553.00	615.00	8.14	75178.00	595.00	7.91	76054.00	627.00	8.24	76805.00	630.00	8.20	78863.00	543.00	6.89	80286.00	434.00	5.41
Massachusetts	73343.00	2427.00	33.09	71739.00	1502.00	20.94	71595.00	1424.00	19.89	74305.00	1366.00	18.38	74669.00	1273.00	17.05	74835.00	1211.00	16.18	75704.00	1229.00	16.23	77085.00	1108.00	14.37	77527.00	1029.00	13.27	76845.00	1032.00	13.43	78648.00	913.00	11.61	80273.00	921.00	11.47	80347.00	902.00	11.23	80803.00	932.00	11.53	81755.00	837.00	10.24	83307.00	785.00	9.42	85514.00	814.00	9.52	86721.00	507.00	5.85
Michigan	113146.00	5119.00	45.24	114650.00	2317.00	20.21	115544.00	2187.00	18.93	119282.00	2202.00	18.46	121768.00	2081.00	17.09	122320.00	1980.00	16.19	123275.00	1845.00	14.97	125745.00	1834.00	14.59	125152.00	1576.00	12.59	126881.00	1523.00	12.00	131703.00	1582.00	12.01	133587.00	1492.00	11.17	133256.00	1439.00	10.80	133832.00	1462.00	10.92	134959.00	1391.00	10.31	136274.00	1415.00	10.38	140998.00	1198.00	8.50	143440.00	676.00	4.71
Minnesota	68312.00	535.00	7.83	69210.00	284.00	4.10	69602.00	301.00	4.32	72282.00	315.00	4.36	72854.00	288.00	3.95	71648.00	287.00	4.01	71956.00	268.00	3.72	72382.00	275.00	3.80	70499.00	230.00	3.26	69316.00	229.00	3.30	70963.00	194.00	2.73	71358.00	189.00	2.65	70181.00	201.00	2.86	70083.00	189.00	2.70	70556.00	170.00	2.41	70560.00	155.00	2.20	72165.00	133.00	1.84	73599.00	88.00	1.20
Mississippi	40028.00	701.00	17.51	40411.00	433.00	10.71	41354.00	430.00	10.40	43430.00	397.00	9.14	44027.00	440.00	9.99	41747.00	386.00	9.25	41583.00	385.00	9.26	41037.00	343.00	8.36	40470.00	340.00	8.40	40265.00	357.00	8.87	42188.00	345.00	8.18	43065.00	318.00	7.38	41627.00	353.00	8.48	41461.00	324.00	7.81	40888.00	315.00	7.70	41420.00	339.00	8.18	42216.00	305.00	7.22	43022.00	189.00	4.39
Missouri	74978.00	422.00	5.63	75954.00	394.00	5.19	76000.00	452.00	5.95	78660.00	440.00	5.59	78701.00	414.00	5.26	79057.00	385.00	4.87	77663.00	342.00	4.40	77973.00	322.00	4.13	77218.00	295.00	3.82	76788.00	306.00	3.98	79191.00	306.00	3.86	80343.00	263.00	3.27	79140.00	274.00	3.46	79526.00	266.00	3.34	78631.00	305.00	3.88	79070.00	295.00	3.73	80753.00	214.00	2.65	82475.00	131.00	1.59
Montana	11894.00	136.00	11.43	12040.00	85.00	7.06	12402.00	83.00	6.69	12555.00	88.00	7.01	12877.00	69.00	5.36	12382.00	75.00	6.06	12239.00	75.00	6.13	12145.00	52.00	4.28	12122.00	65.00	5.36	12117.00	42.00	3.47	12273.00	47.00	3.83	12120.00	33.00	2.72	12242.00	45.00	3.68	12225.00	28.00	2.29	12291.00	32.00	2.60	12399.00	32.00	2.58	12753.00	28.00	2.20	13278.00	16.00	1.21
Nebraska	25907.00	506.00	19.53	26130.00	345.00	13.20	26137.00	378.00	14.46	26707.00	318.00	11.91	26591.00	329.00	12.37	26412.00	270.00	10.22	26196.00	266.00	10.15	26165.00	244.00	9.33	25675.00	209.00	8.14	25361.00	205.00	8.08	25386.00	197.00	7.76	25326.00	172.00	6.79	24714.00	168.00	6.80	24275.00	149.00	6.14	24337.00	134.00	5.51	24407.00	163.00	6.68	25114.00	135.00	5.38	25225.00	94.00	3.73
Nevada	36675.00	878.00	23.94	36678.00	428.00	11.67	36620.00	416.00	11.36	38514.00	420.00	10.91	37953.00	372.00	9.80	37329.00	348.00	9.32	37018.00	284.00	7.67	36868.00	267.00	7.24	36230.00	238.00	6.57	36137.00	231.00	6.39	36967.00	228.00	6.17	37164.00	209.00	5.62	36637.00	194.00	5.30	36085.00	197.00	5.46	36386.00	207.00	5.69	36788.00	173.00	4.70	37011.00	163.00	4.40	36715.00	92.00	2.51
New Hampshire	12910.00	102.00	7.90	12928.00	59.00	4.56	13451.00	62.00	4.61	13870.00	58.00	4.18	14491.00	59.00	4.07	14693.00	60.00	4.08	14836.00	59.00	3.98	15150.00	56.00	3.70	15576.00	38.00	2.44	15721.00	34.00	2.16	15859.00	47.00	2.96	16561.00	33.00	1.99	16322.00	37.00	2.27	16904.00	47.00	2.78	17054.00	40.00	2.35	17604.00	42.00	2.39	17941.00	26.00	1.45	18113.00	16.00	0.88
New Jersey	104457.00	1236.00	11.83	105966.00	544.00	5.13	105310.00	560.00	5.32	109258.00	545.00	4.99	110898.00	493.00	4.45	110689.00	466.00	4.21	111733.00	486.00	4.35	113369.00	446.00	3.93	112412.00	410.00	3.65	112062.00	383.00	3.42	114574.00	393.00	3.43	117240.00	366.00	3.12	116149.00	344.00	2.96	116768.00	321.00	2.75	117953.00	343.00	2.91	118811.00	347.00	2.92	121642.00	280.00	2.30	123519.00	253.00	2.05
New Mexico	28752.00	601.00	20.90	28729.00	426.00	14.83	28750.00	414.00	14.40	29910.00	398.00	13.31	29607.00	390.00	13.17	29411.00	397.00	13.50	29477.00	375.00	12.72	29068.00	340.00	11.70	28545.00	338.00	11.84	28735.00	278.00	9.67	28729.00	265.00	9.22	29029.00	259.00	8.92	28753.00	245.00	8.52	28124.00	218.00	7.75	27723.00	225.00	8.12	27876.00	146.00	5.24	28800.00	156.00	5.42	29401.00	102.00	3.47
New York	242280.00	6895.00	28.46	231479.00	4631.00	20.01	226251.00	4515.00	19.96	231888.00	4253.00	18.34	231682.00	3939.00	17.00	229684.00	3979.00	17.32	230730.00	4048.00	17.54	231799.00	4071.00	17.56	231693.00	3947.00	17.04	230913.00	3608.00	15.62	234871.00	3454.00	14.71	240970.00	3406.00	14.13	237578.00	3433.00	14.45	239721.00	3610.00	15.06	243493.00	3849.00	15.81	248911.00	4225.00	16.97	257338.00	4126.00	16.03	264727.00	2471.00	9.33
North Carolina	121983.00	2647.00	21.70	124536.00	1839.00	14.77	125371.00	1794.00	14.31	128611.00	1671.00	12.99	129290.00	1565.00	12.10	128534.00	1492.00	11.61	127239.00	1331.00	10.46	127591.00	1309.00	10.26	126331.00	1170.00	9.26	127295.00	1101.00	8.65	131446.00	1120.00	8.52	131518.00	1050.00	7.98	128419.00	994.00	7.74	126764.00	977.00	7.71	124425.00	945.00	7.59	124298.00	898.00	7.22	125855.00	758.00	6.02	128087.00	273.00	2.13
North Dakota	8993.00	118.00	13.12	8932.00	86.00	9.63	9151.00	90.00	9.83	8962.00	102.00	11.38	9011.00	95.00	10.54	8780.00	83.00	9.45	8460.00	87.00	10.28	8244.00	57.00	6.91	8009.00	65.00	8.12	7802.00	54.00	6.92	7743.00	68.00	8.78	7848.00	64.00	8.15	7857.00	63.00	8.02	8158.00	75.00	9.19	8119.00	55.00	6.77	8123.00	55.00	6.77	8293.00	34.00	4.10	8671.00	23.00	2.65
Ohio	139712.00	3806.00	27.24	138500.00	1978.00	14.28	140975.00	2089.00	14.82	144230.00	2092.00	14.50	146943.00	1972.00	13.42	146885.00	1823.00	12.41	145520.00	1819.00	12.50	148243.00	1674.00	11.29	147252.00	1516.00	10.30	148864.00	1494.00	10.04	153782.00	1339.00	8.71	155718.00	1303.00	8.37	153515.00	1312.00	8.55	154623.00	1349.00	8.72	152837.00	1400.00	9.16	155836.00	1392.00	8.93	158238.00	1150.00	7.27	161419.00	872.00	5.40
Oklahoma	53393.00	1303.00	24.40	52362.00	691.00	13.20	52841.00	646.00	12.23	53707.00	574.00	10.69	54112.00	571.00	10.55	52682.00	533.00	10.12	52661.00	473.00	8.98	52481.00	411.00	7.83	51734.00	405.00	7.83	51868.00	366.00	7.06	51460.00	318.00	6.18	52564.00	261.00	4.97	51860.00	277.00	5.34	51438.00	257.00	5.00	49785.00	235.00	4.72	49435.00	215.00	4.35	50268.00	164.00	3.26	51508.00	115.00	2.23
Oregon																																																						
Pennsylvania	143032.00	121.00	0.85	142027.00	113.00	0.80	143210.00	118.00	0.82	147389.00	152.00	1.03	148228.00	165.00	1.11	149161.00	151.00	1.01	148455.00	158.00	1.06	150582.00	152.00	1.01	150155.00	161.00	1.07	149904.00	156.00	1.04	154144.00	175.00	1.14	158386.00	157.00	0.99	156088.00	178.00	1.14	157433.00	223.00	1.42	158831.00	252.00	1.59	162923.00	278.00	1.71	168076.00	235.00	1.40	173135.00	174.00	1.00
Puerto Rico	41656.00	278.00	6.67	43990.00	584.00	13.28	43377.00	717.00	16.53	43481.00	671.00	15.43	44723.00	592.00	13.24	45692.00	599.00	13.11	46200.00	614.00	13.29	45605.00	574.00	12.59	46009.00	541.00	11.76	47532.00	519.00	10.92	51131.00	558.00	10.91	53122.00	554.00	10.43	51201.00	545.00	10.64	52961.00	550.00	10.39	53883.00	641.00	11.90	54471.00	634.00	11.64	55484.00	552.00	9.95	55976.00	410.00	7.32
Rhode Island	11009.00	458.00	41.60	10931.00	223.00	20.40	10999.00	262.00	23.82	11639.00	235.00	20.19	11466.00	220.00	19.19	12030.00	179.00	14.88	11860.00	174.00	14.67	12161.00	174.00	14.31	11991.00	154.00	12.84	12078.00	121.00	10.02	12073.00	142.00	11.76	12464.00	133.00	10.67	12565.00	132.00	10.51	12694.00	122.00	9.61	12882.00	109.00	8.46	13008.00	113.00	8.69	13547.00	101.00	7.46	14139.00	67.00	4.74
South Carolina	59489.00	1401.00	23.55	59317.00	830.00	13.99	60123.00	843.00	14.02	61318.00	765.00	12.48	62423.00	782.00	12.53	60175.00	753.00	12.51	59540.00	683.00	11.47	59069.00	642.00	10.87	58756.00	580.00	9.87	58987.00	542.00	9.19	60629.00	521.00	8.59	62211.00	502.00	8.07	59801.00	441.00	7.37	59574.00	455.00	7.64	58795.00	437.00	7.43	58620.00	412.00	7.03	59959.00	366.00	6.10	61769.00	141.00	2.28
South Dakota	11830.00	187.00	15.81	11652.00	127.00	10.90	11790.00	118.00	10.01	12142.00	116.00	9.55	12177.00	97.00	7.97	11829.00	98.00	8.28	11594.00	96.00	8.28	11407.00	73.00	6.40	10947.00	72.00	6.58	10612.00	66.00	6.22	10803.00	47.00	4.35	11053.00	50.00	4.52	10864.00	45.00	4.14	10589.00	42.00	3.97	10787.00	37.00	3.43	10864.00	30.00	2.76	10922.00	25.00	2.29	11294.00	18.00	1.59
Tennessee	79558.00	1486.00	18.68	79185.00	541.00	6.83	79996.00	525.00	6.56	83373.00	572.00	6.86	82905.00	563.00	6.79	82789.00	532.00	6.43	81649.00	459.00	5.62	82460.00	433.00	5.25	81939.00	427.00	5.21	82401.00	394.00	4.78	84096.00	437.00	5.20	86092.00	392.00	4.55	84915.00	487.00	5.74	83641.00	432.00	5.16	82701.00	400.00	4.84	83514.00	373.00	4.47	84655.00	375.00	4.43	86267.00	265.00	3.07
Texas	397633.00	9406.00	23.65	387482.00	5436.00	14.03	384970.00	5226.00	13.58	394500.00	5019.00	12.72	395023.00	4740.00	12.00	393733.00	4273.00	10.85	394237.00	3825.00	9.70	392894.00	3437.00	8.75	389171.00	3187.00	8.19	385065.00	2917.00	7.58	390975.00	2696.00	6.90	393009.00	2409.00	6.13	381467.00	2283.00	5.98	377602.00	2129.00	5.64	375794.00	2029.00	5.40	372651.00	1862.00	5.00	374731.00	1590.00	4.24	379801.00	731.00	1.92
Utah	51126.00	818.00	16.00	52333.00	741.00	14.16	52647.00	743.00	14.11	53152.00	715.00	13.45	52863.00	699.00	13.22	51915.00	628.00	12.10	51699.00	642.00	12.42	50799.00	588.00	11.58	50571.00	524.00	10.36	48370.00	543.00	11.23	48573.00	540.00	11.12	48606.00	492.00	10.12	46651.00	474.00	10.16	45562.00	604.00	13.26	44907.00	568.00	12.65	43423.00	486.00	11.19	43916.00	446.00	10.16	43196.00	317.00	7.34
Vermont	5935.00	33.00	5.56	5940.00	40.00	6.73	6163.00	25.00	4.06	6455.00	42.00	6.51	6678.00	41.00	6.14	6530.00	28.00	4.29	6726.00	24.00	3.57	6858.00	32.00	4.67	7036.00	23.00	3.27	6826.00	36.00	5.27	6988.00	34.00	4.87	7392.00	26.00	3.52	7409.00	35.00	4.72	7562.00	35.00	4.63	7580.00	44.00	5.80	7511.00	60.00	7.99	8208.00	37.00	4.51	8221.00	34.00	4.14
Virginia	101446.00	611.00	6.02	100875.00	407.00	4.03	99970.00	456.00	4.56	104213.00	435.00	4.17	103683.00	398.00	3.84	103652.00	343.00	3.31	103066.00	330.00	3.20	103409.00	315.00	3.05	102344.00	298.00	2.91	101594.00	287.00	2.82	103483.00	305.00	2.95	104577.00	269.00	2.57	102529.00	256.00	2.50	102072.00	274.00	2.68	102232.00	247.00	2.42	101843.00	251.00	2.46	105488.00	223.00	2.11	107070.00	175.00	1.63
Washington	87638.00	687.00	7.84	88182.00	512.00	5.81	88275.00	514.00	5.82	89963.00	501.00	5.57	89547.00	409.00	4.57	87433.00	419.00	4.79	87295.00	400.00	4.58	86231.00	387.00	4.49	85715.00	359.00	4.19	84947.00	317.00	3.73	87194.00	306.00	3.51	88657.00	254.00	2.86	87843.00	291.00	3.31	87839.00	300.00	3.42	87448.00	252.00	2.88	87392.00	255.00	2.92	89034.00	218.00	2.45	91124.00	148.00	1.62
West Virginia	20571.00	521.00	25.33	20143.00	307.00	15.24	20322.00	301.00	14.81	21348.00	281.00	13.16	21072.00	285.00	13.53	20930.00	245.00	11.71	20920.00	240.00	11.47	21065.00	224.00	10.63	21195.00	202.00	9.53	21189.00	182.00	8.59	21363.00	186.00	8.71	22301.00	183.00	8.21	21565.00	148.00	6.86	21722.00	137.00	6.31	21765.00	148.00	6.80	22179.00	157.00	7.08	22515.00	109.00	4.84	22629.00	59.00	2.61
Wisconsin	69353.00	447.00	6.45	69701.00	326.00	4.68	69898.00	336.00	4.81	72280.00	315.00	4.36	73350.00	312.00	4.25	72959.00	334.00	4.58	72911.00	295.00	4.05	74014.00	275.00	3.72	72929.00	245.00	3.36	73312.00	248.00	3.38	74369.00	214.00	2.88	76084.00	204.00	2.68	74684.00	215.00	2.88	74693.00	212.00	2.84	74907.00	227.00	3.03	75043.00	221.00	2.94	76782.00	171.00	2.23	78939.00	124.00	1.57
Wyoming	7548.00	82.00	10.86	7718.00	55.00	7.13	7929.00	50.00	6.31	8158.00	59.00	7.23	8196.00	48.00	5.86	7888.00	50.00	6.34	7673.00	31.00	4.04	7545.00	41.00	5.43	7506.00	37.00	4.93	7183.00	48.00	6.68	7153.00	35.00	4.89	7354.00	41.00	5.58	7151.00	30.00	4.20	7253.00	22.00	3.03	7207.00	21.00	2.91	6951.00	15.00	2.16	7065.00	20.00	2.83	7459.00	15.00	2.01